<?xml version="1.0" encoding="UTF-8"?>
<document version="2.0.0">
  <chunk label="Chunk 1" enabled="true">
    <sensors next_id="2">
      <sensor id="0" label="Discovery Stereo" type="frame">
        <resolution width="2816" height="2816"/>
        <property name="fixed" value="true"/>
        <property name="layer_index" value="0"/>
        <bands>
          <band label="Red"/>
          <band label="Green"/>
          <band label="Blue"/>
        </bands>
        <data_type>uint8</data_type>
        <calibration type="frame" class="initial">
          <resolution width="2816" height="2816"/>
          <f>1865.04</f>
          <cx>12.0792</cx>
          <cy>-36.835900000000002</cy>
        </calibration>
        <black_level>0 0 0</black_level>
        <sensitivity>1 1 1</sensitivity>
        <meta>
          <property name="Exif/BodySerialNumber" value="180114012"/>
          <property name="Exif/Make" value="Voyis"/>
          <property name="Exif/Model" value="Discovery Stereo"/>
        </meta>
      </sensor>
      <sensor id="1" label="Discovery Stereo" type="frame" master_id="0">
        <resolution width="2816" height="2816"/>
        <property name="fixed" value="true"/>
        <property name="layer_index" value="0"/>
        <bands>
          <band label="Red"/>
          <band label="Green"/>
          <band label="Blue"/>
        </bands>
        <data_type>uint8</data_type>
        <calibration type="frame" class="initial">
          <resolution width="2816" height="2816"/>
          <f>1865.04</f>
          <cx>12.0792</cx>
          <cy>-36.835900000000002</cy>
        </calibration>
        <rotation>0.99999999999996292 -9.1978226944452315e-08 -2.5578815104239316e-07 9.1977954236524762e-08 0.99999999999942757 -1.0661474252516076e-06 2.5578824910459665e-07 1.0661474017246968e-06 0.99999999999939893</rotation>
        <location>2.5815177771553435 -0.0067735827212472314 0.0007788976035082762</location>
        <reference x="0.16993113684373534" y="0" z="0" rotation="0 0 0" sxyz="1.0000000000000001e-05" sabc="1.0000000000000001e-05" enabled="true"/>
        <black_level>0 0 0</black_level>
        <sensitivity>1 1 1</sensitivity>
        <meta>
          <property name="Exif/BodySerialNumber" value="180114012"/>
          <property name="Exif/Make" value="Voyis"/>
          <property name="Exif/Model" value="Discovery Stereo"/>
        </meta>
      </sensor>
    </sensors>
    <components next_id="2" active_id="0">
      <component id="0" label="Component 1">
        <transform>
          <scale locked="true">0.065825827600762568</scale>
        </transform>
        <region>
          <center>29.634737630334619 1.9602999485718884 -96.390923532947681</center>
          <size>288.59880990563494 157.02067413752582 129.94403545089452</size>
          <R>-0.68227581000732629 -0.1605684017677419 0.71324435324270175 0.6692127916497328 -0.52997523541139469 0.52084593628347342 0.29437044445938931 0.83267282782878771 0.46904371142185863</R>
        </region>
        <partition>
          <camera_ids>0 2 4 6 8 10 12 14 16 18 20 22 24 26 28 30 32 34 36 38 40 42 44 46 48 50 52 54 56 58 60 62 64 66 68 70 72 74 76 78 80 82 84 86 88 90 92 94 96 98 100 102 104 106 108 110 112 114 116 118 120 122 124 126 128 130 132 134 136 138 140 142 144 146 148 150 152 154 156 158 160 162 164 166 168 170 172 174 176 178 180 182 184 186 188 190 192 194 196 198 200 202 204 206 208 210 212 214 216 218 220 222 224 226 228 230 232 234 236 238 240 242 244 246 248 250 252 254 256 258 260 262 264 266 268 270 272 274 276 278 280 282 284 286 288 290 292 294 296 298 300 302 304 306 308 310 312 314 316 318 320 322 324 326 328 330 332 334 336 338 340 342 344 346 348 350 352 354 356 358 360 362 364 366 368 370 372 374 376 378 380 382 384 386 388 390 392 394 396 398 400 402 404 406 408 410 412 414 416 418 420 422 424 426 428 430 432 434 436 438 440 442 444 446 448 450 452 454 456 458 460 462 464 466 468 470 472 474 476 478 480 482 484 486 488 490 492 494 496 498 500 502 504 506 508 510 512 514 516 518 520 522 524 526 528 530 532 534 536 538 540 542 544 546 548 550 552 554 556 558 560 562 564 566 568 570 572 574 576 578 580 582 584 586 588 590 592 594 596 598 600 602 604 606 608 610 612 614 616 618 620 622 624 626 628 630 632 634 636 638 640 642 644 646 648 650 652 654 656 658 660 662 664 666 668 670 672 674 676 678 680 682 684 686 688 690 692 694 696 698 700 702 704 706 708 710 712 714 716 718 720 722 724 726 728 730 732 734 736 738 740 742 744 746 748 750 752 754 756 758 760 762 764 766 768 770 772 774 776 778 780 782 784 786 788 790 792 794 796 798 800 802 804 806 808 810 812 814 816 818 820 822 824 826 828 830 832 834 836 838 840 842 844 846 848 850 852 854 856 858 860 862 864 866 868 870 872 874 876 878 880 882 884 886 888 890 892 894 896 898 900 902 904 906 908 910 912 914 916 918 920 922 924 926 928 930 932 934 936 938 940 942 944 946 948 950 952 954 956 958 960 962 964 966 968 970 972 974 976 978 980 982 984 986 988 990 992 994 996 998 1000 1002 1004 1006 1008 1010 1012 1014 1016 1018 1020 1022 1024 1026 1028 1030 1032 1034 1036 1038 1040 1042 1044 1046 1048 1050 1052 1054 1056 1058 1060 1062 1064 1066 1068 1070 1072 1074 1076 1078 1080 1082 1084 1086 1088 1090 1092 1094 1096 1098 1100 1102 1104 1106 1108 1110 1112 1114 1116 1118 1120 1122 1124 1126 1128 1130 1132 1134 1136 1138 1140 1142 1144 1146 1148 1150 1152 1154 1156 1158 1160 1162 1164 1166 1168 1170 1172 1174 1176 1178 1180 1182 1184 1186 1188 1190 1192 1194 1196 1198 1200 1202 1204 1206 1208 1210 1212 1214 1216 1218 1220 1222 1224 1226 1228 1230 1232 1234 1236 1238 1240 1242 1244 1246 1248 1250 1252 1254 1256 1258 1260 1262 1264 1266 1268 1270 1272 1274 1276 1278 1280 1282 1284 1286 1288 1290 1292 1294 1296 1298 1300 1302 1304 1306 1308 1310 1312 1314 1316 1318 1320 1322 1324 1326 1328 1330 1332 1334 1336 1338 1340 1342 1344 1346 1348 1350 1352 1354 1356 1358 1360 1362 1364 1366 1368 1370 1372 1374 1376 1378 1380 1382 1384 1386 1388 1390 1392 1394 1396 1398 1400 1402 1404 1406 1408 1410 1412 1414 1416 1418 1420 1422 1424 1426 1428 1430 1432 1434 1436 1438 1440 1442 1444 1446 1448 1450 1452 1454 1456 1458 1460 1462 1464 1466 1468 1470 1472 1474 1476 1478 1480 1482 1484 1486 1488 1490 1492 1494 1496 1498 1500 1502 1508 1510 1512 1514 1516 1518 1520 1522 1524 1526 1528 1530 1532 1534 1536 1538 1540 1542 1544 1546 1548 1550 1552 1554 1556 1558 1560 1562 1564 1566 1568 1570 1572 1574 1576 1578 1580 1582 1584 1586 1588 1590 1592 1594 1596 1598 1600 1602 1604 1606 1608 1610 1612 1614 1616 1618 1620 1622 1624 1626 1628 1630 1632 1634 1636 1638 1640 1642 1644 1646 1648 1650 1652 1654 1656 1658 1660 1662 1664 1666 1668 1670 1672 1674 1676 1678 1680 1682 1684 1686 1688 1690 1692 1694 1696 1698 1700 1702 1704 1706 1708 1710 1712 1714 1716 1718 1720 1722 1724 1726 1728 1730 1732 1734 1736 1738 1740 1742 1744 1746 1748 1750 1752 1754 1756 1758 1760 1762 1764 1766 1768 1770 1772 1774 1776 1778 1780 1782 1784 1786 1788 1790 1792 1794 1796 1798 1800 1802 1804 1806 1808 1810 1812 1814 1816 1818 1820 1822 1824 1826 1828 1830 1832 1834 1836 1838 1840 1842 1844 1846 1848 1850 1852 1854 1856 1858 1860 1862 1864 1866 1868 1870 1872 1874 1876 1878 1880 1882 1884 1886 1888 1890 1892 1894 1896 1898 1900 1902 1904 1906 1908 1910 1912 1914 1916 1918 1920 1922 1924 1926 1928 1930 1932 1934 1936 1938 1940 1942 1944 1946 1948 1950 1952 1954 1956 1958 1960 1962 1964 1966 1968 1970 1972 1974 1976 1978 1980 1982 1984 1986 1988 1990 1992 1994 1996 1998 2000 2002 2004 2006 2008 2010 2012 2014 2016 2018 2020 2022 2024 2026 2028 2030 2032 2034 2036 2038 2040 2042 2044 2046 2048 2050 2052 2054 2056 2058 2060 2062 2064 2066 2068 2070 2072 2074 2076 2078 2080 2082 2084 2086 2088 2090 2092 2094 2096 2098 2100 2102 2104 2106 2108 2110 2112 2114 2116 2118 2120 2122 2124 2126 2128 2130 2132 2134 2136 2138 2140 2142 2144 2146 2148 2150 2152 2154 2156 2158 2160 2162 2164 2166 2168 2170 2172 2174 2176 2178 2180 2182 2184 2186 2188 2190 2192 2194 2196 2198 2200 2202 2204 2206 2208 2210 2212 2214 2216 2218 2220 2222 2224 2226 2228 2230 2232 2234 2236 2238 2240 2242 2244 2246 2248 2250 2252 2254 2256 2258 2260 2262 2264 2266 2268 2270 2272 2274 2276 2278 2280 2282 2284 2286 2288 2290 2292 2294 2296 2298 2300 2302 2304 2306 2308 2310 2312 2314 2316 2318 2320 2322 2324 2326 2328 2330 2332 2334 2336 2338 2340 2342 2344 2346 2348 2350 2352 2354 2356 2358 2360 2362 2364 2366 2368 2370 2372 2374 2376 2378 2380 2382 2384 2386 2388 2390 2392 2394 2396 2398 2400 2402 2404 2406 2408 2410 2412 2414 2416 2418 2420 2422 2424 2426 2428 2430 2432 2434 2436 2438 2440 2442 2444 2446 2448 2450 2452 2454 2456 2458 2460 2462 2464 2466 2468 2470 2472 2474 2476 2478 2480 2482 2484 2486 2488 2490 2492 2494 2496 2498 2500 2502 2504 2506 2508 2510 2512 2514 2516 2518 2520 2522 2524 2526 2528 2530 2532 2534 2536 2538 2540 2542 2544 2546 2548 2550 2552 2554 2556 2558 2560 2562 2564 2566 2568 2570 2572 2574 2576 2578 2580 2582 2584 2586 2588 2590 2592 2594 2596 2598 2600 2602 2604 2606 2608 2610 2612 2614 2616 2618 2620 2622 2624 2626 2628 2630 2632 2634 2636 2638 2640 2642 2644 2646 2648 2650 2652 2654 2656 2658 2660 2662 2664 2666 2668 2670 2672 2674 2676 2678 2680 2682 2684 2686 2688 2690 2692 2694 2696 2698 2700 2702 2704 2706 2708 2710 2712 2714 2716 2718 2720 2722 2724 2726 2728 2730 2732 2734 2736 2738 2740 2742 2744 2746 2748 2750 2752 2754 2756 2758 2760 2762 2764 2766 2768 2770 2772 2774 2776 2778 2780 2782 2784 2786 2788 2790 2792 2794 2796 2798 2800 2802 2804 2806 2808 2810 2812 2814 2816 2818 2820 2822 2824 2826 2828 2830 2832 2834 2836 2838 2840 2842 2844 2846 2848 2850 2852 2854 2856 2858 2860 2862 2864 2866 2868 2870 2872 2874 2876 2878 2880 2882 2884 2886 2888 2890 2892 2894 2896 2898 2900 2902 2904 2906 2908 2910 2912 2914 2916 2918 2920 2922 2924 2926 2928 2930 2932 2934 2936 2938 2940 2942 2944 2946 2948 2950 2952 2954 2956 2958 2960 2962 2964 2966 2968 2970 2972 2974 2976 2978 2980 2982 2984 2986 2988 2990 2992 2994 2996 2998 3000 3002 3004 3006 3008 3010 3012 3014 3016 3018 3020 3022 3024 3026 3028 3030 3032 3034 3036 3038 3040 3042 3044 3046 3048 3050 3052 3054 3056 3058 3060 3062 3064 3066 3068 3070 3072 3074 3076 3078 3080 3082 3084 3086 3088 3090 3092 3094 3096 3098 3100 3102 3104 3106 3108 3110 3112 3114 3116 3118 3120 3122 3124 3126 3128 3130 3132 3134 3136 3138 3140 3142 3144 3146 3148 3150 3152 3154 3156 3158 3160 3162 3164 3166 3168 3170 3172 3174 3176 3178 3180 3182 3184 3186 3188 3190 3192 3194 3196 3198 3200 3202 3204 3206 3208 3210 3212 3214 3216 3218 3220 3222 3224 3226 3228 3230 3232 3234 3236 3238 3240 3242 3244 3246 3250 3252 3254 3256 3258 3260 3262 3264 3266 3268 3270 3292 3294 3296 3298 3300 3302 3304 3306 3308 3326 3328 3330 3332 3334 3336 3338 3340 3342 3344 3346 3348 3350 3352 3354 3356 3358 3360 3362 3364 3366 3376 3378 3380 3382 3384 3386 3388 3390 3392 3394 3396 3398 3400 3402 3404 3406 3408 3410 3412 3414 3416 3418 3420 3434 3436 3438 3440 3442 3444 3446 3448 3450 3452 3454 3456 3458 3460 3462 3464 3466 3468 3470 3472 3474 3476 3478 3480 3482 3484 3486 3488 3490 3492 3494 3496 3498 3500</camera_ids>
        </partition>
      </component>
      <component id="1" label="Component 2">
        <transform>
          <scale locked="true">0.065825827600762568</scale>
        </transform>
        <region>
          <center>5.6838934655039779 15.288907526389725 -25.580595134977589</center>
          <size>67.86808098134793 29.571334890143518 11.037252878389843</size>
          <R>-0.054695456738652122 0.55677898205442633 -0.82885799275544603 -0.93227316435651153 0.26880999179139581 0.24209075846427217 0.35759635629134623 0.78596332831471638 0.5043674181701332</R>
        </region>
        <partition>
          <camera_ids>3314 3316</camera_ids>
        </partition>
      </component>
    </components>
    <cameras next_id="3502" next_group_id="0">
      <camera id="0" sensor_id="0" component_id="0" label="image_left_processed_SYSTEM_2025-02-11T184947.425561_CAL_196910" enabled="false">
        <transform>-0.5906808400402408 -0.094831031407653893 -0.80131343473794059 82.213820813819254 0.23705432480525523 -0.96964239654992146 -0.05999058179455441 34.313887420933213 -0.77129851050062326 -0.22539010247809274 0.59522929145366732 -107.38336159650831 0 0 0 1</transform>
        <orientation>1</orientation>
      </camera>
      <camera id="2" sensor_id="0" component_id="0" label="image_left_processed_SYSTEM_2025-02-11T184947.775721_CAL_196917" enabled="false">
        <transform>-0.58936018667785106 -0.096281457349435315 -0.80211249293956055 82.494159448521145 0.23881507890763515 -0.96926334329657526 -0.059126385209017029 34.35390762181094 -0.7717654620708212 -0.22640329571853393 0.59423868877951525 -107.58013567214473 0 0 0 1</transform>
        <orientation>1</orientation>
      </camera>
      <camera id="4" sensor_id="0" component_id="0" label="image_left_processed_SYSTEM_2025-02-11T184948.075793_CAL_196923" enabled="false">
        <transform>-0.58910462722987122 -0.095145996464269189 -0.80243565320415267 82.726741999112306 0.23456289976079392 -0.97042019937932289 -0.057139152009829719 34.434583036129553 -0.77326320501635282 -0.22188257253199498 0.59399675064298241 -107.75818998595315 0 0 0 1</transform>
        <orientation>1</orientation>
      </camera>
      <camera id="6" sensor_id="0" component_id="0" label="image_left_processed_SYSTEM_2025-02-11T184948.425706_CAL_196930" enabled="false">
        <transform>-0.58871615915447628 -0.096557752704581945 -0.80255210693327739 83.023055954257188 0.23144535160564642 -0.97140834043395197 -0.052904492772297473 34.55215026389844 -0.77449747137775748 -0.21689268435794737 0.59423163017586278 -107.95862429288375 0 0 0 1</transform>
        <orientation>1</orientation>
      </camera>
      <camera id="8" sensor_id="0" component_id="0" label="image_left_processed_SYSTEM_2025-02-11T184948.775624_CAL_196937" enabled="false">
        <transform>-0.58784926899400514 -0.10191388781642291 -0.80252526216521991 83.334539574093895 0.23038937191134615 -0.97204266002155015 -0.045318918880801078 34.61115325727296 -0.77547016335479291 -0.21153398442891103 0.59489444372772549 -108.170019181295 0 0 0 1</transform>
        <orientation>1</orientation>
      </camera>
      <camera id="10" sensor_id="0" component_id="0" label="image_left_processed_SYSTEM_2025-02-11T184949.075611_CAL_196943" enabled="false">
        <transform>-0.58678580657537105 -0.10590411369285796 -0.80278685583697895 83.571508604203487 0.22817039886656129 -0.97286218702486704 -0.038437405457024287 34.602024306160473 -0.77693029692680038 -0.20572672106492024 0.59502590696297464 -108.3432082085268 0 0 0 1</transform>
        <orientation>1</orientation>
      </camera>
      <camera id="12" sensor_id="0" component_id="0" label="image_left_processed_SYSTEM_2025-02-11T184949.425599_CAL_196950" enabled="false">
        <transform>-0.58592937563303038 -0.10735731916381558 -0.80321925574045205 83.816405817238902 0.22632114195785763 -0.97342410915582078 -0.034989204293440115 34.603603084164504 -0.77811664130333213 -0.20228670182727171 0.59465501157449774 -108.55822002363212 0 0 0 1</transform>
        <orientation>1</orientation>
      </camera>
      <camera id="14" sensor_id="0" component_id="0" label="image_left_processed_SYSTEM_2025-02-11T184949.775630_CAL_196957" enabled="false">
        <transform>-0.58372848545134848 -0.10822443244903807 -0.8047039999240454 84.159392313852621 0.22921326522680913 -0.9727305497787212 -0.035447941706830355 34.543893373818555 -0.77892383088254469 -0.20514080468856011 0.59261700611355295 -108.68730147453736 0 0 0 1</transform>
        <orientation>1</orientation>
      </camera>
      <camera id="16" sensor_id="0" component_id="0" label="image_left_processed_SYSTEM_2025-02-11T184950.075617_CAL_196963" enabled="false">
        <transform>-0.58417483164836437 -0.10557017271459704 -0.80473269145823523 84.365242418732819 0.23025369588170697 -0.97232495336620894 -0.039590662967592394 34.559290712469576 -0.77828208356701856 -0.20842054527903256 0.59231568838261495 -108.92504341883094 0 0 0 1</transform>
        <orientation>1</orientation>
      </camera>
      <camera id="18" sensor_id="0" component_id="0" label="image_left_processed_SYSTEM_2025-02-11T184950.425596_CAL_196970" enabled="false">
        <transform>-0.58366355211545007 -0.10050089090625862 -0.80575208895728267 84.661779914329671 0.23128552218234893 -0.97178229646698 -0.046326833500699896 34.616386717991524 -0.77835972735028791 -0.21339807684328288 0.59043830807187181 -109.15076777341356 0 0 0 1</transform>
        <orientation>1</orientation>
      </camera>
      <camera id="20" sensor_id="0" component_id="0" label="image_left_processed_SYSTEM_2025-02-11T184950.775497_CAL_196977" enabled="false">
        <transform>-0.58224875681164978 -0.097469944247921186 -0.80714682379328928 84.964255202934439 0.23332153815655457 -0.97105885593385866 -0.051046627162673858 34.592784105592422 -0.77881155937976909 -0.21804657365052246 0.58813964897439075 -109.34959806169481 0 0 0 1</transform>
        <orientation>1</orientation>
      </camera>
      <camera id="22" sensor_id="0" component_id="0" label="image_left_processed_SYSTEM_2025-02-11T184951.075481_CAL_196983" enabled="false">
        <transform>-0.58098724291852888 -0.094385044472124369 -0.80842147852832424 85.222302588709937 0.23279333400593999 -0.97102969634972558 -0.053931367953719056 34.579666209541628 -0.77991094825520013 -0.21952856804287621 0.58612807525720756 -109.5236232764932 0 0 0 1</transform>
        <orientation>1</orientation>
      </camera>
      <camera id="24" sensor_id="0" component_id="0" label="image_left_processed_SYSTEM_2025-02-11T184951.425489_CAL_196990" enabled="false">
        <transform>-0.57976278913415713 -0.090599438867646209 -0.8097325793200183 85.504994568752068 0.22863221574404888 -0.97196090792195711 -0.054948188282159249 34.500685788298945 -0.78205013794471623 -0.21698786866641323 0.58422071735967918 -109.76161182752448 0 0 0 1</transform>
        <orientation>1</orientation>
      </camera>
      <camera id="26" sensor_id="0" component_id="0" label="image_left_processed_SYSTEM_2025-02-11T184951.775459_CAL_196997" enabled="false">
        <transform>-0.57842406352197895 -0.088343795031340822 -0.81093833095876156 85.800666981142754 0.22684605205654212 -0.97232630017930011 -0.05587874950277294 34.411744123892611 -0.7835601262220292 -0.21627977219123737 0.58245737074555437 -109.98645319314643 0 0 0 1</transform>
        <orientation>1</orientation>
      </camera>
      <camera id="28" sensor_id="0" component_id="0" label="image_left_processed_SYSTEM_2025-02-11T184952.075383_CAL_197003" enabled="false">
        <transform>-0.57716399029639542 -0.087313750414156843 -0.81194706557370866 86.043900123724015 0.2267153623179933 -0.9723151174845801 -0.056599088331594799 34.3392620714557 -0.78452652778230714 -0.21674782882317645 0.58098064159339746 -110.15978713027742 0 0 0 1</transform>
        <orientation>1</orientation>
      </camera>
      <camera id="30" sensor_id="0" component_id="0" label="image_left_processed_SYSTEM_2025-02-11T184952.425289_CAL_197010" enabled="false">
        <transform>-0.57660061720755085 -0.08727553806146128 -0.81235134559619826 86.33722917871205 0.22717590272509938 -0.97219595210014864 -0.056799119193181272 34.269674878984382 -0.78480751618273104 -0.21729705744939906 0.58039568517255957 -110.38962270718125 0 0 0 1</transform>
        <orientation>1</orientation>
      </camera>
      <camera id="32" sensor_id="0" component_id="0" label="image_left_processed_SYSTEM_2025-02-11T184952.775266_CAL_197017" enabled="false">
        <transform>-0.57633554226661277 -0.088480334472867239 -0.81240911684435146 86.592847923043877 0.22840135002170384 -0.97194500557336627 -0.056175879603729967 34.238410473823443 -0.78464652298249105 -0.21793149509090967 0.58037547968442649 -110.61619263055358 0 0 0 1</transform>
        <orientation>1</orientation>
      </camera>
      <camera id="34" sensor_id="0" component_id="0" label="image_left_processed_SYSTEM_2025-02-11T184953.075392_CAL_197023" enabled="false">
        <transform>-0.57585702917678905 -0.090589389279408072 -0.81251599645647998 86.833232282750828 0.23020944415935515 -0.97159513804800357 -0.054831556072412316 34.203171091383922 -0.78446943456550522 -0.21862399289983075 0.58035442271168347 -110.80758328686368 0 0 0 1</transform>
        <orientation>1</orientation>
      </camera>
      <camera id="36" sensor_id="0" component_id="0" label="image_left_processed_SYSTEM_2025-02-11T184953.425422_CAL_197030" enabled="false">
        <transform>-0.57466606718856583 -0.091757684497866421 -0.81322779007951818 87.147050921050891 0.23053584562060211 -0.97160405391936966 -0.053280261743346546 34.197090479962078 -0.78524654415414041 -0.21809651474298203 0.57950131591821541 -110.97888979792337 0 0 0 1</transform>
        <orientation>1</orientation>
      </camera>
      <camera id="38" sensor_id="0" component_id="0" label="image_left_processed_SYSTEM_2025-02-11T184953.775336_CAL_197037" enabled="false">
        <transform>-0.57427377565352544 -0.095041641412194733 -0.8131277371940524 87.444700669006707 0.23183305660034781 -0.97146021126960169 -0.050184577186228596 34.178350924189864 -0.78515161877435158 -0.21732957534053299 0.57991791765586875 -111.21041151240915 0 0 0 1</transform>
        <orientation>1</orientation>
      </camera>
      <camera id="40" sensor_id="0" component_id="0" label="image_left_processed_SYSTEM_2025-02-11T184954.075226_CAL_197043" enabled="false">
        <transform>-0.57636297730340991 -0.099660649858108408 -0.8110939977979178 87.737114942258287 0.23150023112964402 -0.97178895707375867 -0.045098402371013625 34.152522345440516 -0.7837176541209665 -0.2137614974202697 0.58317464008628961 -111.45076301604065 0 0 0 1</transform>
        <orientation>1</orientation>
      </camera>
      <camera id="42" sensor_id="0" component_id="0" label="image_left_processed_SYSTEM_2025-02-11T184954.425307_CAL_197050" enabled="false">
        <transform>-0.57617805827730584 -0.10419365220320503 -0.81065561615296977 88.065860416080582 0.229819909667448 -0.97247716720528499 -0.038353205665627145 34.087282422257324 -0.78434791660349268 -0.20840307604481612 0.58426578165661791 -111.70172316082137 0 0 0 1</transform>
        <orientation>1</orientation>
      </camera>
      <camera id="44" sensor_id="0" component_id="0" label="image_left_processed_SYSTEM_2025-02-11T184954.775100_CAL_197057" enabled="false">
        <transform>-0.57419360144956877 -0.10197477566088192 -0.81234404853072339 88.393439312075273 0.22598410523975315 -0.97340737156302515 -0.037540287235858949 34.08220605902541 -0.78691352271603632 -0.20513223568146338 0.58196896279008126 -111.87722247522605 0 0 0 1</transform>
        <orientation>1</orientation>
      </camera>
      <camera id="46" sensor_id="0" component_id="0" label="image_left_processed_SYSTEM_2025-02-11T184955.075315_CAL_197063" enabled="false">
        <transform>-0.57331231731791998 -0.10070155900707006 -0.81312494908537969 88.675857840433807 0.224593349482063 -0.97372054399771035 -0.03776413066960152 34.011202825655182 -0.78795356092855107 -0.20427309712820341 0.5808628819348568 -112.09841238563087 0 0 0 1</transform>
        <orientation>1</orientation>
      </camera>
      <camera id="48" sensor_id="0" component_id="0" label="image_left_processed_SYSTEM_2025-02-11T184955.425274_CAL_197070" enabled="false">
        <transform>-0.57553162834502103 -0.1214950912398509 -0.80870407911617992 89.32448956398062 0.22717037736916529 -0.97373353555542785 -0.015382502419196718 34.099932107234302 -0.78559338364097742 -0.19256672749814768 0.58801453301782791 -112.54631905590286 0 0 0 1</transform>
        <orientation>1</orientation>
      </camera>
      <camera id="50" sensor_id="0" component_id="0" label="image_left_processed_SYSTEM_2025-02-11T184955.775363_CAL_197077" enabled="false">
        <transform>-0.58298291647529465 -0.22555998629566315 -0.78054699517726667 91.031414384392477 0.2390776702726749 -0.96578298242156291 0.10052411870740756 34.740138112761329 -0.77651322376051668 -0.12800751324516466 0.61696133580463453 -113.47937807138139 0 0 0 1</transform>
        <orientation>1</orientation>
      </camera>
      <camera id="52" sensor_id="0" component_id="0" label="image_left_processed_SYSTEM_2025-02-11T184956.075322_CAL_197083" enabled="false">
        <transform>-0.59072171434577037 -0.3172493273584307 -0.74188996521790007 92.966095215316116 0.25301600462898555 -0.94591738669678438 0.20303496976213503 35.285516116617565 -0.76617932470276107 -0.067772869463740046 0.63904309757845901 -114.86431225843823 0 0 0 1</transform>
        <orientation>1</orientation>
      </camera>
      <camera id="54" sensor_id="0" component_id="0" label="image_left_processed_SYSTEM_2025-02-11T184956.425335_CAL_197090" enabled="false">
        <transform>-0.5942083202767342 -0.36502503282188836 -0.7167099814620147 95.373951275861842 0.25567873873387525 -0.93058914868287013 0.26197751604507169 35.452267391132914 -0.76259088289420129 -0.02757828433877374 0.6462929549047961 -116.42863209519133 0 0 0 1</transform>
        <orientation>1</orientation>
      </camera>
      <camera id="56" sensor_id="0" component_id="0" label="image_left_processed_SYSTEM_2025-02-11T184956.775280_CAL_197097" enabled="false">
        <transform>-0.60110401683684256 -0.37027261432038194 -0.70821758805254409 97.804222196528954 0.24944712718274875 -0.92884537528256783 0.2739021715073815 35.241008507276668 -0.75924310446844834 -0.012019147246581818 0.6506961260193409 -118.17610451130807 0 0 0 1</transform>
        <orientation>1</orientation>
      </camera>
      <camera id="58" sensor_id="0" component_id="0" label="image_left_processed_SYSTEM_2025-02-11T184957.075267_CAL_197103" enabled="false">
        <transform>-0.60366909891480891 -0.36243777427781043 -0.71008624743190862 99.656918877480337 0.2496146765950514 -0.93182958839813379 0.26341247391517469 34.752911960407893 -0.75715000643447838 -0.018233978236015358 0.65298651578264444 -119.70993511313029 0 0 0 1</transform>
        <orientation>1</orientation>
      </camera>
      <camera id="60" sensor_id="0" component_id="0" label="image_left_processed_SYSTEM_2025-02-11T184957.425210_CAL_197110" enabled="false">
        <transform>-0.60197822065773465 -0.30347363235266911 -0.73859730321767691 101.3854149621577 0.24827506441813466 -0.95025397821369784 0.18808739797554994 34.203529715094056 -0.75893459154390808 -0.070150775873964122 0.64737713459957957 -121.1074725661901 0 0 0 1</transform>
        <orientation>1</orientation>
      </camera>
      <camera id="62" sensor_id="0" component_id="0" label="image_left_processed_SYSTEM_2025-02-11T184957.775263_CAL_197117" enabled="false">
        <transform>-0.59865305074430197 -0.21632009259020812 -0.77124583783402312 102.81405683580452 0.24400335587769106 -0.96633195726881538 0.081638904215117158 33.709659123143972 -0.76293963532835596 -0.13931319357040123 0.63128040278647246 -122.42697040673036 0 0 0 1</transform>
        <orientation>1</orientation>
      </camera>
      <camera id="64" sensor_id="0" component_id="0" label="image_left_processed_SYSTEM_2025-02-11T184958.075192_CAL_197123" enabled="false">
        <transform>-0.59146968963680102 -0.19462305941559621 -0.78248672256125795 104.55858313637802 0.24327656256824151 -0.9682838648780292 0.056946212532936025 33.582126686190698 -0.76875231404264821 -0.1566787214671449 0.62005778593087113 -123.80662776354339 0 0 0 1</transform>
        <orientation>1</orientation>
      </camera>
      <camera id="66" sensor_id="0" component_id="0" label="image_left_processed_SYSTEM_2025-02-11T184958.425307_CAL_197130" enabled="false">
        <transform>-0.5892231165047348 -0.24297070564691983 -0.77057209602598853 107.14374069120396 0.25282854875925842 -0.96126377258494433 0.10977105469133408 33.936335370642134 -0.76739419069258952 -0.13014298180539099 0.62782876676532329 -125.76748435514358 0 0 0 1</transform>
        <orientation>1</orientation>
      </camera>
      <camera id="68" sensor_id="0" component_id="0" label="image_left_processed_SYSTEM_2025-02-11T184958.825033_CAL_197135" enabled="false">
        <transform>-0.58692459810089703 -0.32951557378889396 -0.73955324539527001 110.53138450272162 0.26314451712821685 -0.94147868084996467 0.21064865679697042 34.383029263632643 -0.76568562690536268 -0.070974503419088453 0.63928721292933388 -128.14813620203765 0 0 0 1</transform>
        <orientation>1</orientation>
      </camera>
      <camera id="70" sensor_id="0" component_id="0" label="image_left_processed_SYSTEM_2025-02-11T184959.124883_CAL_197138" enabled="false">
        <transform>-0.59179149570032719 -0.37020895347188515 -0.71605038676480093 113.00385779533161 0.25714707600715264 -0.92859062498948475 0.26757210707136375 34.50703985287192 -0.7639752659070459 -0.025783365778909051 0.64473018475279231 -129.91525722264464 0 0 0 1</transform>
        <orientation>1</orientation>
      </camera>
      <camera id="72" sensor_id="0" component_id="0" label="image_left_processed_SYSTEM_2025-02-11T184959.424800_CAL_197142" enabled="false">
        <transform>-0.59774216869140617 -0.38956606482244649 -0.70067294860501661 115.48659025655853 0.25625831791289072 -0.92098918222397685 0.29344607805671247 34.40642496824168 -0.75962883980833051 -0.0041481761249799187 0.650343615611229 -132.02938619440337 0 0 0 1</transform>
        <orientation>1</orientation>
      </camera>
      <camera id="74" sensor_id="0" component_id="0" label="image_left_processed_SYSTEM_2025-02-11T184959.824724_CAL_197146" enabled="false">
        <transform>-0.60351926585890159 -0.36774434997329314 -0.70748045117858338 117.86686624239812 0.25715059553407726 -0.92965026039136545 0.26386353399197759 33.697903451909824 -0.75474370944950675 -0.022682293027516898 0.6556275212568583 -134.07423954821041 0 0 0 1</transform>
        <orientation>1</orientation>
      </camera>
      <camera id="76" sensor_id="0" component_id="0" label="image_left_processed_SYSTEM_2025-02-11T185000.124711_CAL_197149" enabled="false">
        <transform>-0.59767071391616988 -0.30875202152494657 -0.73990668798923165 118.7587819354689 0.26163706957300131 -0.94746115082144877 0.18402013886895119 33.09915591270267 -0.75784943197985433 -0.083603569830208502 0.64705075655581878 -134.86599909105158 0 0 0 1</transform>
        <orientation>1</orientation>
      </camera>
      <camera id="78" sensor_id="0" component_id="0" label="image_left_processed_SYSTEM_2025-02-11T185000.424738_CAL_197152" enabled="false">
        <transform>-0.58555440810508297 -0.18209374786195998 -0.78991638933389097 118.8256893927404 0.26204258149704768 -0.96464641496043468 0.028124359305484486 32.529382985640986 -0.76711128308158094 -0.19052338726142209 0.61256927630706803 -135.24688126425596 0 0 0 1</transform>
        <orientation>1</orientation>
      </camera>
      <camera id="80" sensor_id="0" component_id="0" label="image_left_processed_SYSTEM_2025-02-11T185000.824766_CAL_197156" enabled="false">
        <transform>-0.56622735472361096 0.033026770481706769 -0.82358716308248225 118.24332873886287 0.26256521291988849 -0.93991722589293158 -0.2182088848650986 31.475591407025689 -0.78131049636302463 -0.33980117848719266 0.52353516345292361 -135.34271137214361 0 0 0 1</transform>
        <orientation>1</orientation>
      </camera>
      <camera id="82" sensor_id="0" component_id="0" label="image_left_processed_SYSTEM_2025-02-11T185001.124735_CAL_197159" enabled="false">
        <transform>-0.55209158962388738 0.15853023049532344 -0.8185737857308093 117.435196520351 0.26398634055730041 -0.89801643208682935 -0.35196263963836594 30.671468803822528 -0.79088942884940283 -0.41040791137737681 0.4539375040830233 -135.05136322937651 0 0 0 1</transform>
        <orientation>1</orientation>
      </camera>
      <camera id="84" sensor_id="0" component_id="0" label="image_left_processed_SYSTEM_2025-02-11T185001.424741_CAL_197162" enabled="false">
        <transform>-0.54390191055169246 0.22287081480432785 -0.80901131735388832 116.24913854706413 0.25878515201678914 -0.87254739001975168 -0.41435648572861383 29.918857689687506 -0.79824868104737023 -0.43472940098200691 0.41690453478939193 -134.46559641585128 0 0 0 1</transform>
        <orientation>1</orientation>
      </camera>
      <camera id="86" sensor_id="0" component_id="0" label="image_left_processed_SYSTEM_2025-02-11T185001.824649_CAL_197166" enabled="false">
        <transform>-0.54068777448520311 0.23390582604657653 -0.80804999539861844 114.17658132086339 0.24355483012732809 -0.87589758763637948 -0.41651465843883489 29.062003622936359 -0.80519424690188046 -0.42200886307545687 0.41661822360750594 -133.27548106706624 0 0 0 1</transform>
        <orientation>1</orientation>
      </camera>
      <camera id="88" sensor_id="0" component_id="0" label="image_left_processed_SYSTEM_2025-02-11T185002.124688_CAL_197169" enabled="false">
        <transform>-0.54045902780603239 0.20970721155460123 -0.81481711118811917 112.34622478925331 0.23375971303791565 -0.8928868264326415 -0.38484998602504533 28.543910681830237 -0.80824528196791179 -0.39846706338797944 0.43354764855961397 -132.18299894974101 0 0 0 1</transform>
        <orientation>1</orientation>
      </camera>
      <camera id="90" sensor_id="0" component_id="0" label="image_left_processed_SYSTEM_2025-02-11T185002.424570_CAL_197172" enabled="false">
        <transform>-0.53922796290812047 0.16299097883879743 -0.82623673655625418 110.44987888151084 0.23204381919666806 -0.91436045978364888 -0.33181412802479937 28.282478045274743 -0.80956091184702239 -0.37064658423005137 0.45522767886851179 -130.99434840481658 0 0 0 1</transform>
        <orientation>1</orientation>
      </camera>
      <camera id="92" sensor_id="0" component_id="0" label="image_left_processed_SYSTEM_2025-02-11T185002.824616_CAL_197176" enabled="false">
        <transform>-0.54004324954214722 0.042414211247220501 -0.84056785764638564 108.5398098685901 0.21758843083326204 -0.95773981384711671 -0.18812156638623106 29.080142043010589 -0.81302433136498242 -0.28449162317433307 0.50799207961557491 -129.46317414394468 0 0 0 1</transform>
        <orientation>1</orientation>
      </camera>
      <camera id="94" sensor_id="0" component_id="0" label="image_left_processed_SYSTEM_2025-02-11T185003.124661_CAL_197179" enabled="false">
        <transform>-0.55162911240362034 -0.11434229457880729 -0.82621496114464543 108.14812173031902 0.20996004900943152 -0.97769781190933736 -0.0048750802712655972 30.314790391521658 -0.80723113181340556 -0.17616136993718967 0.5633338899561261 -128.78952372203639 0 0 0 1</transform>
        <orientation>1</orientation>
      </camera>
      <camera id="96" sensor_id="0" component_id="0" label="image_left_processed_SYSTEM_2025-02-11T185003.424664_CAL_197182" enabled="false">
        <transform>-0.56249342931422697 -0.30515567809194355 -0.76842771560281864 108.92041018274267 0.20776006973823552 -0.95174442672977999 0.2258723081990488 31.861509715947648 -0.80027301304035248 -0.03259690655643166 0.59874915138333762 -128.79852974206742 0 0 0 1</transform>
        <orientation>1</orientation>
      </camera>
      <camera id="98" sensor_id="0" component_id="0" label="image_left_processed_SYSTEM_2025-02-11T185003.824647_CAL_197186" enabled="false">
        <transform>-0.57334601399806973 -0.48610751306380134 -0.65952546120331901 110.95166837775835 0.21188133684198551 -0.86556148101967179 0.45377265417065993 33.062774586999048 -0.79144213138458697 0.12042760612898618 0.59926333472978621 -129.95164057177874 0 0 0 1</transform>
        <orientation>1</orientation>
      </camera>
      <camera id="100" sensor_id="0" component_id="0" label="image_left_processed_SYSTEM_2025-02-11T185004.124664_CAL_197189" enabled="false">
        <transform>-0.57800945196322795 -0.54193245964490055 -0.61009366709087953 112.81131347742864 0.2168816404000328 -0.82276850320747863 0.52537067313194741 32.902466138545883 -0.78668127440441826 0.17135109953820771 0.59310317246537103 -131.24517668179263 0 0 0 1</transform>
        <orientation>1</orientation>
      </camera>
      <camera id="102" sensor_id="0" component_id="0" label="image_left_processed_SYSTEM_2025-02-11T185004.424570_CAL_197192" enabled="false">
        <transform>-0.58542048253223666 -0.53994718233551042 -0.60476433337264945 114.6557837798007 0.21613703275236204 -0.82289662051980594 0.52547686439089458 32.000597892029703 -0.78138827845362957 0.17691295098161958 0.59844311849184795 -132.71998895745631 0 0 0 1</transform>
        <orientation>1</orientation>
      </camera>
      <camera id="104" sensor_id="0" component_id="0" label="image_left_processed_SYSTEM_2025-02-11T185004.824552_CAL_197196" enabled="false">
        <transform>-0.58543318736408079 -0.44260568971468933 -0.67924088993884735 116.64675526417376 0.20947996141693492 -0.8919559690956701 0.40066531539348837 30.648592497605247 -0.78318971449929842 0.092275417239850444 0.61489764878044451 -134.52261993955071 0 0 0 1</transform>
        <orientation>1</orientation>
      </camera>
      <camera id="106" sensor_id="0" component_id="0" label="image_left_processed_SYSTEM_2025-02-11T185005.124508_CAL_197199" enabled="false">
        <transform>-0.57961574562458607 -0.30460761249434254 -0.7558172992427149 117.7370536787563 0.20659974696684491 -0.95213466063531749 0.22529121725026155 29.965627046726617 -0.78826526751931103 -0.025569325907528057 0.61480409692465754 -135.66301038986302 0 0 0 1</transform>
        <orientation>1</orientation>
      </camera>
      <camera id="108" sensor_id="0" component_id="0" label="image_left_processed_SYSTEM_2025-02-11T185005.424647_CAL_197202" enabled="false">
        <transform>-0.57407587628660561 -0.14899944086492442 -0.8051310793204457 118.75493053284103 0.21294311497712567 -0.97663692956103809 0.028905667289084475 29.639788470366398 -0.7906276734655856 -0.15485307371676077 0.59239210621923966 -136.62120730909996 0 0 0 1</transform>
        <orientation>1</orientation>
      </camera>
      <camera id="110" sensor_id="0" component_id="0" label="image_left_processed_SYSTEM_2025-02-11T185005.824682_CAL_197206" enabled="false">
        <transform>-0.56903888211026143 0.029045877558428634 -0.82179747361717104 119.99963159296389 0.23361700737939489 -0.95248655766988555 -0.19542889070265107 29.79132167232595 -0.78842745037815587 -0.30319250395587544 0.53521627500961422 -137.65815352916087 0 0 0 1</transform>
        <orientation>1</orientation>
      </camera>
      <camera id="112" sensor_id="0" component_id="0" label="image_left_processed_SYSTEM_2025-02-11T185006.124691_CAL_197209" enabled="false">
        <transform>-0.56698014052731827 0.11685220420060655 -0.8154011789426614 120.754215540697 0.25189028945683689 -0.91787509148861635 -0.30668648242482777 30.347155215142102 -0.78427342319179305 -0.37927678389037073 0.49098301281898099 -138.26046415080643 0 0 0 1</transform>
        <orientation>1</orientation>
      </camera>
      <camera id="114" sensor_id="0" component_id="0" label="image_left_processed_SYSTEM_2025-02-11T185006.424544_CAL_197212" enabled="false">
        <transform>-0.56470656377056372 0.16512106633702334 -0.80860468109340433 121.28975326416959 0.26611647080584089 -0.89101450001320726 -0.36779774976481022 31.268538479645542 -0.78120965227030192 -0.42288082744189115 0.45922030114289969 -138.51958601466612 0 0 0 1</transform>
        <orientation>1</orientation>
      </camera>
      <camera id="116" sensor_id="0" component_id="0" label="image_left_processed_SYSTEM_2025-02-11T185006.824486_CAL_197216" enabled="false">
